189
807
543
155
168
147
569
165
143
134
610
75
421
557
669
219
749
238
191
756
399
599
186
265
812
458
455
661
536
309
761
51
341
291
151
596
571
193
475
214
588
281
554
94
476
628
267
123
152
350
85
391
573
483
49
631
460
465
358
97
162
742
598
88
585
352
211
117
468
499
173
781
606
268
171
487
370
448
676
273
658
747
413
572
368
555
741
196
86
425
290
409
477
473
440
542
415
665
241
163
788
184
534
376
715
748
256
354
106
553
324
800
48
731
733
648
492
187
90
668
700
190
125
240
340
698
204
621
243
112
178
611
56
646
319
407
551
236
792
63
110
795
385
701
149
683
400
361
311
565
519
67
365
82
74
687
78
205
617
129
498
482
659
120
107
737
355
791
362
194
675
684
371
259
574
719
786
580
787
607
274
345
109
743
342
297
594
488
89
645
504
489
180
706
72
650
484
710
759
752
600
327
708
447
522
275
344
716
614
321
286
694
769
679
130
474
227
494
118
672
597
725
348
318
779
525
402
660
562
471
768
364
680
405
467
257
816
179
242
538
526
269
223
177
377
547
630
510
493
688
629
732
508
197
100
372
403
717
623
182
176
104
276
229
91
401
784
797
226
367
563
452
590
507
550
188
353
568
641
505
215
336
681
218
59
605
638
288
767
642
124
545
419
657
495
159
135
427
695
279
295
560
691
581
73
65
502
438
589
805
199
263
793
818
249
181
591
652
245
514
734
619
114
735
192
101
331
535
808
530
625
549
380
804
306
158
540
58
169
696
411
247
224
745
55
639
200
258
369
195
339
602
264
254
480
776
622
225
431
799
332
299
670
435
778
637
671
397
442
343
141
210
246
235
609
60
729
780
387
593
466
384
579
723
604
314
456
450
632
544
79
138
443
111
416
690
582
699
156
161
766
293
810
99
817
127
145
533
131
773
378
310
727
481
231
430
728
796
422
496
739
518
789
651
323
794
541
603
653
539
782
751
762
115
612
303
96
150
292
736
558
70
80
126
718
656
790
677
93
682
577
374
381
634
720
76
395
53
647
722
167
764
261
328
207
119
305
712
711
356
251
347
278
398
633
709
451
445
81
175
702
289
77
689
392
300
566
503
774
640
271
517
586
726
704
237
92
283
527
814
52
757
750
685
170
644
317
329
137
383
113
775
439
444
521
567
266
87
140
497
136
537
298
206
584
479
616
373
216
203
515
157
500
201
313
334
624
133
349
394
174
277
506
62
753
813
485
516
410
346
351
758
765
108
412
512
464
434
255
666
601
491
714
777
556
490
673
472
406
803
337
432
294
253
459
501
382
785
366
523
64
322
146
663
330
154
209
357
164
662
524
738
801
561
627
390
233
744
513
433
363
183
613
626
301
713
643
252
478
615
316
132
686
404
548
760
457
83
102
234
592
228
144
469
208
705
453
270
95
307
772
315
335
260
142
50
730
153
697
232
809
66
282
284
546
511
280
69
446
620
105
462
693
296
649
116
304
449
470
655
692
578
636
806
678
436
121
583
57
618
386
426
272
531
308
221
754
84
396
148
595
61
707
338
244
811
239
746
520
576
486
198
408
815
325
139
360
635
608
128
771
429
798
529
420
587
71
302
423
755
454
217
54
222
570
463
424
333
564
770
552
166
287
202
375
220
248
160
664
122
802
262
185
389
230
417
326
388
740
783
703
285
532
172
428
437
68
724
461
103
393
509
250
418
654
320
212
667
312
359
575
763
441
98
414
213
674
721
379
528
0
